  0.12541102373745397, 0.0
 3.2982124223633633, 3.7842693939005345
 0.0033280103849675866, -0.0
 24.25849670195652, 21.838304196059344
 1.6623191959360327e-10, 0.0
 4.174524145887352, 3.451124137908274
 8.16270336674186e-05, -0.0
 0.22605891708704678, -0.0
 0.16352875327067395, 0.0
 0.009612993639263346, 0.0
 0.059217558586303044, 0.0
 2.615380870558787, 3.491007643969109
 0.0030199059290117497, 0.0
 30.47070603797937, 33.613419802943184
 0.015900958367815524, 0.0
 0.021817843601828913, 0.0
 0.0001451079483282226, 0.0
 0.05032480333677282, 0.0
 4.941476719597506e-09, -0.0
 2.563902251277461, 3.038828765395619
 0.07063313527384325, 0.0
 0.13093070561838271, 0.0
 0.007248689266982501, 0.0
 0.0012198921309893467, -0.0
 0.07230707818745592, 0.0
 13.624171523477317, 17.69269338499684
 0.000769910277032816, -0.0
 6.225372592985203e-05, -0.0
 0.09704645561093939, 0.0
 4.1584274986973067e-10, -0.0
 0.028994832053425, 0.0
 20.25113356676789, 23.014862347077475
 0.005911828397965274, 0.0
 2.1279246546330075, 1.4838701362963043
 4.218354250709931, 4.041284769490602
 47.14317159561118, 53.15851128676996
 1.8340817760375812, 2.1967290972783595
 0.05185620589898204, 0.0
 0.19182792947129176, 0.0
 0.22477726328611095, 0.0
 4.829867227009799e-16, 0.0
 59.368697876659766, 44.536954044739595
 9.886780396592892, 12.509884183233957
 0.6662816409381566, 0.0
 0.00037366585500577085, 0.0
 61.24774499008887, 58.70099106136386
 0.09333083693087765, 0.0
 0.33624076638752165, 0.07701832230609723
 5.453986738445745, 3.3629613883587304
 0.5307943399053955, 0.66515344772656
 0.001772351522946914, -0.0
 0.7768506257141974, 0.9542953674570518
 0.00019044261945477746, -0.0
 0.00545434586404105, -0.0
 1.1002145210539005, 0.9765502624368452
 0.0006817838176900891, -0.0
 0.10745722339937745, 0.0
 2.4654408653524325, 3.568048495737695
 0.013042837431003162, 0.0
 9.312066400048375, 7.397763374983691
 7.088350556086562e-08, -0.0
 1.0245788609742006, 1.134004416448069
 0.30133708190094377, 0.0
 0.00012854463737724757, -0.0
 0.0002615312995887587, 0.0
 39.254726888974105, 41.995441317583676
 2.686622410032455e-05, -0.0
 0.02764706266205477, 0.0
 0.00034551949203715795, 0.0
 0.00010764444939925873, 0.0
 5.161458784434892, 7.285764252756585
 0.34082542003067234, 0.09107504249482011
 0.16082586135359103, 0.24682260822137897
 0.6666107864881343, 0.6353602652552525
 2.026457525192955e-12, -0.0
 15.772008826029186, 20.206695641395388
 0.20016433812571832, 0.14254557341098678
 0.0013561434238060803, 0.0
 0.00011560486717633016, 0.0
 57.16809499140419, 61.58676545386712
 0.001320097698090009, -0.0
 0.37204558608616123, 0.48205754465240297
 6.3196048945705625, 8.042789549761578
 0.031482254975452026, 0.0
 0.5248091130371046, 0.39608498757408667
 9.919759545464712e-12, 0.0
 0.09840921063369884, 0.034275964847977396
 7.246237302494164, 3.2097333480584487
 0.8070716460379912, 0.9814529260324577
 0.7298553222618462, 0.7585432567890358
 1.906937458494309, 2.3964610799432546
 0.14081814487183808, 0.023514201947164404
 19.31599883297431, 19.25982791162422
 2.8795698545790915e-05, -0.0
 13.913408086350923, 17.499027692809168
 0.021495367276074394, 0.0
 0.5676568951659308, 0.10114658277089784
 6.565142590067089, 7.135994919970775
 0.03579851474023705, 0.0
 0.6940628827131348, 0.7231083799329748
 29.774885172342994, 37.599143595756516
 1.1733876265422005, 1.537778847910263
 0.00029961528312599437, -0.0
 0.00038849301760489444, 0.0
 2.7841820516196418e-12, -0.0
 1.3216432233086501, 2.376915916201792
 0.08568688901759344, 0.0
 7.7488303117447455, 9.7239185839088
 3.9789255605761366e-16, -0.0
 1.6493345334237937, 1.4102357180618859
 81.6569028095932, 74.77115185083684
 0.0680207845689766, 0.0
 0.0911921183863984, 0.0
 0.00019006885223698028, 0.0
 29.082429851526935, 24.692120156714658
 7.64824906746169e-05, 0.0
 0.3197874577308125, 0.08148920510341652
 0.006657383593760998, 0.0
 3.5786190322477274, 4.685651168503568
 5.109222221298104e-05, 0.0
 2.2247943842191207, 2.1739302829797458
 0.6610484074382066, 0.0
 0.00042483623907779656, 0.0
 0.042442531401288695, 0.0
 0.028894451908119248, 0.029062160289250863
 4.286070395095305, 4.891832237240576
 4.5501288073080723e-07, 0.0
 2.8677147854477214, 3.635652224673718
 0.829813568753598, 0.006383779789316522
 0.0013372456983878238, -0.0
 12.236154547498689, 15.094965033977823
 0.04290368994004799, 0.0
 0.04618770945008251, 0.0
 1.6572765681111129e-13, -0.0
 5.525287212320825e-16, -0.0
 1.667413576865395e-08, -0.0
 0.01850951477113998, 0.0
 0.2986000611135802, 0.2841923161683369
 3.5247121485932474e-31, 0.0
 0.34353641333578516, 0.4283548822301654
 25.854419547477175, 19.284100773116258
 0.22711732131406423, 0.0
 0.5051877706591817, 0.0
 41.83788440813775, 31.19740923431634
 68.61781844262548, 69.35253133418247
 6.952016762783629e-06, -0.0
 0.0002730250905525984, 0.0
 0.0004880812791587172, 0.0
 0.6427676601559436, 0.06349265579048151
 0.05557687949314644, 0.0
 0.038241876321345, 0.0
 12.578421713864667, 10.259834378326714
 3.265587650120198e-09, -0.0
 18.9776515859, 22.433253078126924
 3.133555972066493e-07, -0.0
 14.975086287940245, 16.662330172539203
 0.015032774990136256, 0.0
 0.00019455774857984656, -0.0
 15.14143851349857, 10.23915747286299
 0.03057149339309477, -0.0
 3.924920958957789, 2.9326256225170466
 0.22330928384250548, 0.0
 0.1939432460899532, 0.0
 2.1742679664258713, 0.23761282550490198
 0.011709199491642869, -0.0
 0.8162609168717072, 0.8894939131929278
 0.006179423106671714, -0.0
 0.5297032960696723, 0.7841291347486522
 4.50885536695226e-07, -0.0
 0.13295228658004118, 0.009509260432638549
 1.2630386784800545, 1.434879948501311
 0.03332543682224975, 0.0
 1.5955571721347103e-06, -0.0
 10.072304589754907, 11.85518260848886
 75.38293977248469, 61.89187797856856
 0.9773114571143647, 1.4343884940464502
 1.1356152236088073, 1.8952186521780892
 3.620290865945538, 4.6552667996114065
 1.1629763131363664e-16, 0.0
 2.97931951005522, 4.480703783903137
 0.030222002730454067, 0.0
 7.73554399439465, 10.559190629640261
 15.981037508421005, 21.46628708871181
 0.31906995572066665, -0.0
 1.3011480170776804, 1.5477658588600385
 6.7828904074066045, 8.120509200707547
 27.885801602712398, 33.697967552453704
 3.0586700215883464, 2.322357217217447
 0.582387510221065, 0.0
 0.2919270184198967, 0.4808213411767684
 0.12245464038035184, 0.0958812686155809
 0.5356767339018366, 0.0065541497892694445
 1.0774108574551013, 1.1494705564967687
 2.5812667604060876e-21, -0.0
 5.311410575423521e-05, 0.0
 2.9958997974700705, 3.584596012425217
 1.5825227454140312, 1.85831630823226
 0.4844964736553368, 0.377004534589218
 2.3512758139795005, 2.907206669713941
 2.0465191447794303e-15, -0.0
 2.104590529997427, 2.401555313606789
 1.0364223073143283e-06, -0.0
 9.45308806103225, 11.66489687875486
 0.0011067651639714833, 0.0
 0.0178417065514536, 0.0
 13.103965646840804, 8.513256246934924
 0.009097947014722862, 0.0
 12.797311832250877, 16.67520242449946
 0.6700371334960331, 0.9859872911036862
 2.1198738642214945, 3.0094869014781875
 6.028994524697353e-32, 0.0
 0.017761572248151506, 0.0
 0.01625889286193808, -0.0
 24.506621628346323, 31.121629288438168
 2.2223919182042462e-05, 0.0
 1.6820147459562012, 2.8216768048188148
 1.0895772495668616, 1.4041406345021996
 0.12662677915436601, 0.0
 69.90263413429565, 69.47627182228862
 33.26624153631428, 35.54576123877178
 0.08879113287024273, 0.0
 7.233969973540358, 7.013356960754665
 7.268923528854776, 9.084173840673058
 0.00027293328423146274, -0.0
 0.09288088764201645, 0.0
 7.352732924928359, 8.961662071703197
 2.447621220841915, 2.3235527780293452
 0.026601537099909367, 0.020664131217014433
 0.0024816715206293456, -0.0
 1.8490363361978797, 1.5980693244596638
 21.515433536461302, 20.624518836068088
 12.743012531058078, 16.180733159203037
 2.2396221711630893, 3.3209051636561475
 27.579633973368367, 23.23898176153189
 9.346792822210867e-06, 0.0
 7.733432134180134e-09, 0.0
 3.888873750085697e-05, -0.0
 0.03738810874462803, 0.02626077153211624
 2.606828788375628, 3.3615220174241145
 1.067492500103673, 1.3870520502543364
 0.08431256070583878, 0.0
 0.00020264160683762888, -0.0
 4.178723072529974e-08, 0.0
 105.29096909748549, 84.21235379614619
 2.8935745506984043, 4.173211592938089
 0.7350845785874162, 0.8519964486099986
 0.03609073230368054, 0.0
 9.070329410898985e-05, -0.0
 0.21712673442096558, 0.20962497586625872
 0.030640823042966836, 0.0
 0.1935125684899945, 0.0
 9.21660621226703, 6.0885789345932535
 0.2732647779265355, 0.0
 0.0001494545528151655, -0.0
 18.436333293468213, 23.35136338224831
 1.0841058391323126, 0.0
 1.5542166904665928e-37, 0.0
 3.22826432086712, 4.617670373162114
 4.108590718941199, 3.147594832859387
 7.005112186517737, 8.148951474585887
 0.51365788165861, 0.3317155508515922
 1.531456030654087, 0.9573162679288225
 19.112607926487232, 21.688854355896236
 0.11782225237782307, 0.0
 0.03458951213919679, -0.0
 0.9319396381722667, 0.8540505200292758
 7.0126430842158145, 7.591482772698401
 20.655274691671593, 24.899772973146575
 0.000982794832185517, -0.0
 0.00018143877849783994, 0.0
 7.2109246157753075, 5.716225558840175
 0.008283823143950559, 0.0
 2.542864459090258e-13, -0.0
 0.004402243902072534, 0.0
 1.0476281614180667e-17, 0.0
 1.6482172419958026, 0.009935160152493442
 0.014944408644429611, 0.0
 0.2836461866944362, 0.0
 0.0007862968197082447, 0.0
 0.48293670812302486, 0.49936813851402667
 0.47695819797447214, 0.6275222484968204
 1.676136580513907, 2.383721584542677
 0.03786025055715051, 0.0
 3.4354004491507e-11, -0.0
 1.1303337539454753e-11, 0.0
 11.109722366559556, 11.84159603446123
 0.2068360161520736, 0.0
 4.775054292191922, 6.005564145961666
 5.116922405287547, 6.731767155973477
 2.8897791572016038e-08, 0.0
 46.57694337763522, 46.701575107173724
 0.008565789367795975, 0.0
 0.3708532649051593, 0.3839942544932281
 1.1473232101779014, 1.874119905253261
 0.33666975546381045, 0.0
 9.808399579612787e-08, 0.0
 0.30093920145517006, 0.2444609393571038
 3.109365457923139, 3.2649459852700127
 5.7185068365124915e-08, 0.0
 45.39649366732987, 33.076756432168494
 0.006854571382127375, 0.0
 0.5512258669240906, 0.18972955549322093
 1.127615178718364, 0.4289314221771814
 86.80891007286007, 77.76345311525694
 0.13021590694304153, 0.0
 0.3903074900906474, 0.5431699572820323
 2.3884978376027917, 3.849117192638526
 0.04262861480795377, -0.0
 44.07930207709376, 45.3547523575652
 1.6999703167222626, 2.467122855566982
 1.6285465681710813e-08, 0.0
 8.138145513855493, 10.071903892634289
 0.02456370094644208, 0.0
 0.0007137109190073724, -0.0
 3.2577131293601154, 3.4105619754147636
 0.33412119280685065, 0.16297342959994882
 1.116442220682847e-13, -0.0
 6.026858775295166e-20, -0.0
 6.461282739493216, 7.850120133601114
 0.33152250666543714, 0.5141361865002808
 0.0029806817680545685, -0.0
 0.6871666818680511, 1.0140086190222866
 0.23942180907531468, 0.0
 0.09286965287401079, 0.013712128817484506
 0.005241390237340165, 0.0
 0.0075044606898675556, 0.0
 0.05078177902411719, 0.0
 1.2404500740958593, 0.567650755388922
 1.721199823464537e-23, -0.0
 0.12369057390925349, 0.0139482508013656
 0.020242149196064655, 0.0
 1.355736438461382, 1.9439952222930372
 1.2833327223621789, 1.3865905619009011
 0.027178962756788425, 0.0
 0.00011486013445117248, -0.0
 0.008079258638251569, 0.0
 7.406244453969691, 5.22068513296111
 0.999994861656434, 1.0032605799356882
 17.942229831253492, 21.084388167226134
 9.465672787282374, 11.295460340143267
 16.2158079386879, 12.89831207433855
 0.03518976544134563, 0.0
 0.0018074088880624675, 0.0
 0.4164434365084425, 0.513335760426797
 1.4874916665955518e-10, 0.0
 0.22265306641422994, 0.0
 5.441691578840617e-47, -0.0
 1.445899332099001, 1.3068555879484718
 0.003455740226095115, -0.0
 4.051345590615421, 5.769986856408525
 0.09695292249976097, 0.0
 0.03465206533981192, 0.0
 15.195960674597897, 17.745874140028697
 3.6858284591016863, 4.824505760960978
 9.94182216973943e-07, -0.0
 0.37613876233080973, 0.29261359417193183
 1.6168367665300871, 1.7550107496846552
 3.5224400132816895, 2.552507686098858
 0.0004157600200927886, -0.0
 0.9930251099476105, 1.7225110730170954
 95.9095466878189, 72.3592875598667
 15.56181270400669, 19.912869757297944
 0.12841108642088175, 0.0
 0.24976184664927084, 0.09917962183812076
 0.8954375559890118, 0.15271714949065104
 20.677521394074038, 13.11816616966924
 0.12031493603771137, 0.0
 0.5027238264422286, 0.4571872825669729
 8.356067599194885, 10.42802126670158
 48.71867719664904, 57.78875472418312
 35.69407513621605, 23.220407483452483
 0.007021325931145091, 0.0
 0.026474225971982478, 0.0
 27.197645238096662, 30.801235830897117
 6.580354886636635, 7.964279593894137
 1.2004437592957109e-15, 0.0
 0.06571566622020528, 0.0
 0.1822536601913345, 0.004157102243430534
 4.866985986678674, 5.453972191210816
 4.3864387237499523e-07, 0.0
 0.0016724598123038536, 0.0
 30.05879999903875, 32.39535297668073
 0.0010904179878409538, -0.0
 2.6878600323756146e-06, 0.0
 1.0761712291275681e-08, -0.0
 120.19060759319659, 112.74080700707742
 1.0290929837978477, 0.06342646262835422
 2.3484005267134562, 3.083008548321712
 0.00635538372918414, 0.0
 3.0332547768920654e-10, -0.0
 0.038952649903345134, -0.0
 0.9734763495364739, 1.2118990653848654
 9.161698013199742e-08, -0.0
 0.02501101000839301, 0.0
 0.11913579985526374, 0.07994891562571434
 1.8625973722390633e-30, -0.0
 0.2255032676073195, 0.0
 3.341642755670625e-08, -0.0
 0.49961811782825943, 0.13840879508164516
 0.0022733683127364804, -0.0
 6.38216469409342e-08, -0.0
 3.1022215189306515, 4.002852160826452
 0.026046634523134927, 0.0
 0.06216794955030011, 0.0
 2.171946470631564, 0.061792015277486505
 2.929729085077609e-16, -0.0
 3.6248277805979936, 4.462797472456285
 28.436551540715, 35.09560935450246
 0.27101385199756484, 0.3772246879846763
 1.4120461804664124, 0.0
 0.003991338066812426, -0.0
 0.042887857294958004, 0.0
 0.0014051571734216754, 0.0
 0.12540815043241416, 0.0
 3.7869497955758455, 3.4667051843864214
 0.957175945554306, 0.0448891664378513
 8.550940274718453, 9.611823001031174
 3.163161588939071, 4.134801835611287
 3.6022634566456523e-16, 0.0
 0.08968894422095086, 0.0
 0.7589173468891525, 1.3462797789946581
 6.081634088610973e-05, -0.0
 3.295046965507177e-29, -0.0
 9.361466928529286, 7.431982941744491
 1.084274901650978e-05, 0.0
 0.05513886922800943, 0.056066630151722946
 0.030390415747145766, 0.0
 0.062144108367670856, 0.013217866912146764
 1.1087472469340065, 1.4515919477553887
 0.33841300263664476, 0.1605369421564878
 0.38697008723957255, 0.0
 10.983191480520748, 12.494817410740476
 72.72356977329996, 65.01109421499308
 0.4358678772266263, 0.39986376981611954
 0.003761930968759573, -0.0
 3.8547531065468046e-07, -0.0
 2.041636976486864, 1.7989656924800337
 91.61563130360292, 87.818843446866
 75.25576394504094, 63.46019372451073
 0.11896083602879272, 0.0
 0.06111658366059188, 0.0
 0.08226509823157664, 0.0
 0.22353071564943275, 0.048362554816864745
 0.00021148656770886626, 0.0
 7.178392062738852, 6.792302322093079
 0.05951433225698891, 0.0398478815562331
 0.20661691591261058, 0.0
 0.26200285951707614, 0.0
 0.044802299888083236, 0.0
 0.11070296679966643, 0.0
 0.0022888079740870115, 0.0
 0.1580877636517292, 0.0
 1.4569794455845937, 0.0
 0.008340596571607553, 0.0
 0.004923552047574673, -0.0
 5.444589414113768, 6.480590715642048
 1.275596015382775, 1.2467154915899497
 2.358355410745891e-10, 0.0
 1.8089107345868194, 0.5921979029121202
 13.816271811064915, 19.362446659278092
 0.5257866563351382, 0.0
 6.862534088896859, 8.65529482220994
 0.0011383191506662456, -0.0
 0.13233148229448816, 0.0
 0.8050906822492615, 1.1400199507741329
 1.4908749058002992, 0.0
 0.8401653622616426, 0.0
 0.00010824592722891986, -0.0
 0.008039558496268286, 0.0
 4.1750941772735816e-12, 0.0
 0.22974327934798422, 0.0
 0.05943809095593305, 0.0
 0.010268659531002543, -0.0
 0.17988944756148156, 0.1968459276083091
 5.4413024140822034e-05, -0.0
 4.561968346311656, 6.582667922960343
 5.11505222277087, 5.819703823260374
 13.569083274061468, 16.464387063299
 0.6651292043941183, 0.0
 1.442251332474244, 2.294516385691247
 5.780386495937822e-05, 0.0
 0.0012140369890962035, 0.0
 0.16788038644890985, 0.0
 7.555610487824959, 11.485479154714023
 6.925800505451118e-14, 0.0
 2.9650354372331793, 4.58216836896689
 2.782934462613056e-07, -0.0
 0.23359264824643947, 0.3283158116436024
 0.20998425931978065, 0.0
 1.9366918615743405, 2.384788397783527
 2.4326776831145515e-20, 0.0
 5.3919506762898095, 7.901768068887566
 7.630644694079367e-05, -0.0
 14.255436952560965, 15.192180869465867
 0.0002365962010831939, -0.0
 0.061390866604237655, 0.0
 12.007640000499565, 15.196902836770159
 16.724778630122632, 15.819950802399777
 8.715124104505549, 8.759714810667901
 0.0015189945424298637, 0.0
 0.9910379442403945, 0.5224995693748961
 0.17705848686425935, 0.0
 0.013003886445418049, 0.0
 0.8203104305523803, 0.13879233618042444
 3.814473246785727, 4.735008732368991
 1.7569930842790373, 2.3656065788255205
 3.680100798616241, 4.209634930473301
 0.2021601091458119, 0.3444388727041386
 0.2756470590270043, 0.0
 7.03528727754862, 8.798536098359609
 0.2665996790129564, 0.0
 21.078175281160508, 26.10351718803042
 2.2974784495247278e-05, -0.0
 0.00320973382999072, 0.0
 0.7714322247209426, 0.7347244323749158
 0.43056630335589285, 0.0
 0.07791671748772785, 0.0
 10.048095584339373, 12.965140243466784
 2.346701695159564, 0.5695121296646752
 0.04471738540642784, 0.12173939478783012
 4.348839286400845, 4.793811083596313
 6.00718589199406, 7.957714903446378
 0.08900601660050901, 0.0
 0.007122265782658925, 0.0
 0.013627954814463907, 0.0
 32.42347366523008, 33.86011829691584
 0.018976667877777117, 0.0
 0.002632423902094477, -0.0
 2.9271914654449304e-10, -0.0
 2.6708453190201706, 2.5084180694893172
 1.4724945661405424e-09, -0.0
 0.2342719847822364, 0.25478053479859725
 0.16611788302860261, 0.004795231334730517
 13.685877235858166, 12.562928541628798
 0.03702545177594149, 0.03832437056285741
 0.07560538442822476, 0.0
 0.33071992188469523, 0.34753253733540906
 8.352517628679226e-05, -0.0
 0.15196763841945096, 0.0
 0.8433662926304866, 1.042994323686564
 0.018561780431638596, 0.0
 0.14475121433909802, 0.09499779988738812
 0.4947185665134095, 0.6470050837154805
 4.611626479413793, 5.568346612655156
 0.5487331516809375, 0.0
 3.752701903009428, 4.608675408613598
 0.41928554594963274, 0.0
 0.3310941177381771, 0.3352443192185823
 0.08000659961044834, 0.0
 2.2345585740669286e-05, -0.0
 1.4376169376517664e-08, -0.0
 2.2777720245202615, 3.2508304454995014
 5.02251603156971e-07, -0.0
 0.5014544356992032, 0.0
 0.38966179452657446, 2.334703231070621e-05
 0.08210371675248397, 0.0
 3.7800974971884136, 6.015094205633614
 0.5223584059705096, 0.0
 9.606756393246881, 12.491790963616047
 1.8769136027701096e-05, 0.0
 12.364269174598679, 12.266207473031988
 2.2729773583828754, 2.8747164947694817
 0.19566371698451468, 0.009242662850100093
 0.42380659141697075, 0.0
 2.657543477933004e-07, 0.0
 0.4408287015881125, 0.22044872192885678
 0.03587694868675407, 0.0
 0.011179847167557355, 0.0
 1.363726013832994, 1.3830824833323414
 0.005320390407267503, 0.0
 0.06339456853265522, 0.0
 0.00920208669044284, -0.0
 9.648950229346319, 9.402815797283742
 13.25803224617578, 16.767119529354694
 0.0021024033580661315, 0.0
 5.481085022669393, 6.618441149629305
 4.813149895261433e-07, -0.0
 9.184325885421705, 12.464713340788125
 0.11049032862815264, 0.09343240486568605
 3.025150799267629e-15, 0.0
 50.372881815872155, 49.18798225906892
 0.023318910720312967, 0.0
 3.710403030222177, 4.5801411284089975
 3.4774654217931285, 2.5465718520395644
 92.34911625048174, 68.02597119771617
 4.356294930995862e-10, -0.0
 0.16885241730538086, 0.0
 6.14674231242873e-06, -0.0
 0.4114447067170998, 0.0
 2.576062417637245, 3.7461112549531097
 6.52217469251299, 5.133532804182675
 8.282552966150183, 6.457631299054038
 4.548390008030578, 5.821706180031458
 2.748265084052476, 2.624087209089717
 2.038077906861935, 2.6130704891918985
 0.0005385560690723364, -0.0
 1.5307044103626737e-05, -0.0
 0.0005189104909894859, 0.0
 0.5172673492006421, 0.15736830518279704
 0.0009691135048671565, 0.0
 46.33826822917391, 41.1035916513438
 0.0004651938252887173, 0.0
 4.3923613156749904e-06, -0.0
 0.5697427388503077, 0.02192323145830717
 3.4111134637760367e-19, 0.0
 0.00021326323508083104, 0.0
 0.0006101667353466654, 0.0
 5.526611873787979, 7.168205914783947
 0.054744059562194976, 0.0
 0.05615632738103433, 0.0
 0.0014742517413423599, 0.0
 2.600973045018977, 3.134430836179402
 0.004539898732063229, -0.0
 0.22043515048254847, 0.0
 0.0002839051986498692, 0.0
 0.04565630714536796, -0.0
 15.369550764868535, 15.899272800046118
 7.979764233281145e-07, -0.0
 4.7278291268236225e-05, -0.0
 2.550467138216556e-07, -0.0
 8.14135006833194e-08, 0.0
 0.16591922993730945, 0.2292759734178329
 0.030575195316243114, -0.0
 0.05976618396067818, -0.0
 1.21008709363337e-10, 0.0
 0.029041108585091104, 0.0
 0.030552281412909506, 0.0
 3.049180993613819, 3.8662969572804085
 0.00011489719461165772, -0.0
 0.053945784645851334, 0.0
 0.000254720639530755, 0.0
 3.5841332898251355, 4.092931822582061
 6.559849830342638e-39, -0.0
 0.7024385765213168, 1.0664783905263262e-05
 0.0006684138598604569, 0.0
 0.004144728228750367, -0.0
 2.27038397284612e-11, 0.0
 0.12424797617076645, 0.0
 4.054306781309606e-15, -0.0
 2.3749626636332906, 2.9605752645430616
 0.007400812733018494, -0.0
 1.0050869268102163e-07, 0.0
 0.41698821053230867, 0.03473001922126531
 3.544319545262984e-10, -0.0
 0.5309369832421714, 0.0
 7.569094158616243e-06, 0.0
 0.4205246748804115, 0.0
 11.889683935639734, 10.689517675334447
 0.4125815873813225, 0.0
 0.2246002878250759, 0.07026177522210299
 13.815430063569083, 13.847387224987939
 0.022938949379342433, 0.0
 0.03875293581374536, -0.0
 5.540562471197896e-10, -0.0
 28.0216440384034, 34.519555311313745
 0.009721422222425995, 0.0
 0.44223067861679605, 0.565016995385807
 19.092320424860414, 21.54109463196861
 0.005205635316764524, 0.0
 0.040028266774159896, 0.0
 0.4752799174010315, 0.4506271997757938
 0.9959339595601643, 1.128961421199876
 1.0930491531387782e-07, 0.0
 0.1109354167246423, 0.0
 3.679144247881973e-07, 0.0
 39.58407951721409, 35.07288218588648
 7.622363036803442, 9.864269738368973
 8.849531739997982, 11.985987362686062
 2.556092139075067, 2.877277772495571
 4.691252937021732, 6.214324062106493
 1.3135329374856513e-05, 0.0
 4.199528389131911, 5.458226901820441
 1.4967943875931566, 1.129654192655097
 1.9304659710103251, 2.0949597321899107
 0.04865927376448511, 0.0
 5.9092215367270455, 8.697092374802326
 2.582595410756126, 3.290574557818231
 0.030560074783634098, -0.0
 5.546392569286851, 7.045258798456093
 1.79412892796302e-17, 0.0
 0.0005840577174807417, 0.0
 12.651816351030396, 12.269334921849866
 0.972223803347389, 0.0
 0.0024077929714246106, 0.0
 0.36537765688050894, 0.016784981249423625
 0.7011516707136934, 0.46447519963155776
 16.963089339723172, 14.122845325551902
 0.026214308663352153, -0.0
 18.957189556516266, 19.8292423505701
 2.7545963582909045e-09, 0.0
 0.0033319471326098337, 0.0
 0.5276264423912258, 0.6273804470835959
 27.95201116672285, 29.914723901934043
 0.02181692613719832, 0.0
 0.0010765881030622613, -0.0
 3.4524915506532117, 3.8122626986678743
 2.202615772503005e-09, -0.0
 0.4749475517532678, 0.0
 0.00015728229855778712, -0.0
 1.832700596974575e-05, 0.0
 0.2798166991540046, 0.0
 2.5059507295870063, 3.384411738165702
 0.32456604316567783, 0.0
 9.831620201182873e-07, -0.0
 0.0011138477711607967, 0.0
 28.205099409022232, 29.37964507577766
 0.001192007519021021, -0.0
 0.2649098765942135, 0.0
 0.06882229044867028, 0.0
 0.8767308026376506, 0.6885775669564882
 7.429340188125579e-05, -0.0
 2.3557889546060033e-06, -0.0
 6.769513735048104e-05, -0.0
 0.6844127325259491, 1.0488501576932672
 0.7915192563473412, 0.6888101488646367
 1.8046493687669845, 2.3123936315634084
 1.1788225274563928, 0.3021740902335282
 1.150283714172907, 1.0170918017928834
 0.005080189598692334, 0.0
 12.91252442417331, 16.679462758394635
 2.4871020499532737, 1.82529422827798
 0.4268300127463215, 0.8168909911103414
 0.7329497594692449, 0.0
 0.033158085593869936, 0.0
 0.006523115519647596, 0.0
 0.00034825630052807055, -0.0
 1.7092281082584548, 2.0188764289204353
 1.5105334668227002e-11, 0.0
 0.004032220791981754, 0.0
 0.0004031303713728723, -0.0
 8.864197513644121e-17, -0.0
 0.6913135825899626, 0.6448797064147175
 5.870805112280721, 6.239140292016907
 9.48772083450613, 10.754682143888841
 0.00040790019293169996, 0.0
 9.962380748458541, 13.089308361598768
 5.532508177096346e-11, -0.0
 2.4855039244302857, 2.8229839859539876
 0.8418095096145747, 0.8457329751729764
 0.1842381152261643, 0.15889454957871965
 3.3442191779475503, 5.145978246912374
 1.858337464311407, 1.8921551851841933
 0.010724679156927753, -0.0
 10.258561000144645, 13.626574077431442
 0.0006211318523565097, -0.0
 6.057050882413364, 4.865795693503715
 3.62251359057607, 4.666619534837407
 6.830095875221305, 8.619200490808206
 0.0014071203411464498, -0.0
 9.421092581929907, 11.717464548653778
 0.0005868007787104461, 0.0
 2.807026668642534, 4.47491251690337
 5.815615859651224e-07, -0.0
 0.27464315095869707, 0.37870578427853857
 0.35058405989952884, 0.0
 9.364078668718935, 12.084005600248805
 19.0681037192837, 23.896081278641123
 0.0004307983056212035, 0.0
 1.0187011693925672, 0.08494276888797693
 0.0034105042338901633, -0.0
 0.0988838540899223, 0.0
 0.0022012105555134992, 0.0
 6.452894405083689, 6.8102602313023315
 1.054934712849283, 0.04516735855910245
 0.506701301991271, 0.5141315002543965
 1.2496589045478234e-09, -0.0
 1.3326456918945215, 1.2027314978849981
 15.627649913480637, 19.91878679605471
 0.004355827374411982, 0.0
 0.0004488129780248985, -0.0
 1.967032019744381e-05, 0.0
 0.006018041502577083, 0.0
 1.0327649877207113e-14, 0.0
 2.0179087461670777, 2.635992192737645
 1.8176102689151896, 2.650545246016693
 2.3296312448908923e-06, -0.0
 4.621839085527291, 4.597946125311308
 2.0939974220108466, 2.9551935471183897
 5.695909711118252e-07, -0.0
 9.045492393529235, 12.332481093085855
 1.4748334873838576, 1.088228935149747
 1.4653876310336118e-07, -0.0
 0.599808324027877, 0.588293479633349
 6.284569874344252e-06, 0.0
 5.430084263379264e-07, 0.0
 1.2688774532511837, 1.1361718362673154
 0.004196376388927007, 0.0
 10.01265252007771, 14.027326899722564
 0.21486605891022822, 0.0
 5.901305590172277e-12, -0.0
 1.2923103165605045, 1.7308476333421434
 0.6094682036633413, 0.0
 7.435395996425573, 7.648100136142628
 0.9786905954566811, 0.9882153192832162
 1.0322878778813736, 0.10850507832498395
 0.040107262904532315, 0.04258718471861524
 0.1511156255425316, 0.05472736899652279
 2.17670679875662e-06, 0.0
 7.592453879506392e-05, 0.0
 3.4825270555183707e-12, 0.0
 8.608899491310915, 11.239876471544004
 1.666557166312341, 2.2255427571103152
 0.3774856394151804, 0.14125011638570867
 0.38894684609482905, 0.4494426451427036
 2.1093733803361405, 1.414830787509349
 0.0005083453099496754, -0.0
 1.3137129113030956, 1.2152835949951841
 0.00026723851867606807, -0.0
 0.8852498050241978, 0.6944424762561655
 0.003316114735311922, 0.0
 0.38205661517968675, 0.37883361403016824
 0.017897953020474845, 0.0
 0.0009342029257126534, -0.0
 61.84327042893051, 48.64789148001316
 0.00989543288738021, 0.0
 1.1218878045401903, 0.1367149373638976
 9.359052555927194e-05, -0.0
 0.1126336045948646, -0.0
 7.150177706563992e-08, -0.0
 0.20070341530296773, 0.0
 0.08533246987561115, 0.0
 0.8460197934542868, 0.6584201867192241
 0.005353954547039087, 0.0
 1.0434983542049365e-06, 0.0
 3.9465915059403507, 4.285906072751676
 2.737224477167853e-07, -0.0
 0.022107308536242414, 0.0
 0.021016244918349834, 0.0
 0.09117696573281978, 0.0
 4.926641905030332, 7.15167841398748
 0.10579869836396658, 0.0
 0.1303313435643342, 0.011016859869311401
 1.0224752993233346, 1.0444935648312568
 0.24869328306094438, 0.28059579660035955
 0.08979284009070605, 0.0
 0.009114328879729022, 0.0
 0.2443213037130177, 0.0
 0.038546759270158736, 0.0
 23.194835039920104, 25.637416457882566
 2.7460889155257368e-05, -0.0
 0.4379941318592825, 0.11541531524518726
 9.971785002673618, 12.253413121231384
 1.446871869224386e-09, -0.0
 0.46553798281378117, 0.6490860591821034
 0.048929606914696534, -0.0
 1.5581349893200463e-17, -0.0
 0.05501384088340672, 0.0
 1.169236349873176, 1.3496451942094152
 0.39079252510581897, 0.015846252761561926
 0.19639922876827193, 0.0
 0.0001916153852051592, 0.0
 9.608494947575686e-15, -0.0
 4.912995779678003, 4.333399019083329
 2.1750865339288485, 2.990620114901662
 0.7686978704914296, 1.0364486609794383
 0.21589108380619246, 0.16208943274027313
 69.59135715006688, 57.86044165113192
 0.7623453384853807, 0.0
 9.118884128819419, 12.708016166504933
 5.523034470993071e-14, 0.0
 1.3391343906535536, 1.4992490769850673
 1.3783687991500992, 1.0016851688821002
 7.510462371418287e-05, -0.0
 5.289993055725651, 6.945541280585045
 0.003304148584653504, 0.0
 0.0021709956332431474, 0.0
 28.249870660028986, 25.18339489631227
 0.009880569871181069, -0.0
 2.5384482353255873, 3.536409485135239
 2.7182821909112653, 3.180861938280106
 0.0015997571730269966, 0.0
 0.0010308168073460326, -0.0
 0.01822580144951854, -0.0
 3.248111131426981, 1.9638322224922797
 3.836177948018114, 4.239579299215175
 23.99973479464221, 23.201451426471994
 0.04389817545365, 0.0
 1.6988199659075106e-07, 0.0
 0.00272237541681032, -0.0
 0.7331034520018853, 0.71203769108653
 6.515703512317939, 7.338324941800095
 5.596949367462597, 7.224389673620644
 8.039291971757768, 11.85519590914259
 0.00018898389524254756, 0.0
 0.276326051113223, 0.0
 5.368992769376972, 7.0970450857972756
 3.0497003805603093e-12, -0.0
 15.800445418406653, 19.80324474969363
 1.4738961158864465, 1.0407064857095245
 12.65183577136148, 16.404707882406132
 1.3152867557020949e-05, -0.0
 9.52508592756539, 11.483468943162675
 0.3463441202380739, 0.0
 0.11015643035255795, 0.0
 3.811348383999146e-12, 0.0
 0.002589532753368963, 0.0
 0.5149811514653382, -0.0
 0.0008620118197263647, 0.0
 4.307604487286693, 5.418115917597543
 37.37445326983245, 45.391326495810254
 1.041754443493597e-21, 0.0
 7.7468408704695415, 10.077377052210036
 9.023862141941271e-06, -0.0
 0.006783742313095433, 0.0
 53.94721067122526, 45.93172742773197
 2.9339723747646373, 3.8644635111232866
 0.11077525105102337, 0.000335428739309688
 6.711956267357973e-05, -0.0
 10.583676414324582, 12.597431014423723
 0.002322975545179737, 0.0
 3.5802741941697085, 4.841803184539978
 9.731499353763978, 10.550398533457342
 0.33164364414770475, 0.45654877156195556
 0.01165816826281228, 0.0
 0.4124214248783839, 0.30433757849000165
 8.108725634865027e-12, -0.0
 7.512320111436197e-06, 0.0
 0.00020016352623467818, -0.0
 0.6397263064203083, 0.3901490824177714
 1.2872501343947503e-12, -0.0
 3.225580285533852, 2.818934728744338
 0.08980118913361311, 0.06184186511616963
 0.08784025471909708, 0.0
 0.1884650439944323, 0.3571750833726959
 0.029279556548508785, -0.0
 0.12349200989145774, 0.0
 16.614307415838255, 15.679981323472667
 0.049852852739049006, 0.0845683240459778
 41.67772472404854, 38.19143247589327
 1.4025582543649622, 0.33320788031285925
 1.6574374334243498, 1.4438136074083014
 0.1967510711769637, 0.21247722803041502
 9.477716753645105e-05, 0.0
 5.669265678428502, 6.236033934535284
 2.4659563091352275, 2.878575756547123
 1.6435145644194435, 1.657940851447323
 0.006621102401243036, 0.0
 0.0016600443050339248, -0.0
 0.5275438078629269, 0.7005274073291843
 6.012055513286548, 7.544823971633823
 0.035021881626896206, -0.0
 0.09771905410430555, 0.0
 2.3912642113735463, 3.7615219807424687
 0.1032517624971556, 0.0
 5.578400329388616, 9.274718066211102
 0.8244932685411847, 0.0
 0.12888491424568732, 0.0
 0.0011962439043502813, 0.0
 1.5155421296901228, 0.6279789753142421
 8.062132092003656e-11, 0.0
 0.0019420654197775107, 0.0
 0.32163616078491747, 0.2794285255401425
 14.283996987516893, 18.845663091804735
 1.598239890019495e-08, -0.0
 0.1517415588629274, 0.0
 0.31701883736218933, 0.40136813742440713
 1.3868342900162549e-06, 0.0
 1.626330196994724e-06, 0.0
 4.398011091064898, 5.738034360244857
 0.0022874749455122317, 0.0
 4.534129938623901e-08, 0.0
 2.136634756321665e-07, -0.0
 3.1050351508469847, 3.867537879465992
 0.06716010512045409, 0.0
 4.247159593720039, 5.431333822204515
 12.097664930743958, 15.54870127749039
 0.10229432494752759, 0.0
 0.27867089294184677, 0.3260550595986952
 0.01648904416399958, 0.0
 34.853695946167484, 32.326567698851214
 0.05568535651720371, 0.0
 1.7551265600176001e-12, -0.0
 9.585690969565206, 11.867633838530637
 27.363924841495617, 31.065032983978966
 7.2533184894802245, 11.180673448221047
 0.1457654513793133, 0.0
 1.567260935505674e-60, -0.0
 0.0009202872473684701, -0.0
 22.826034556123243, 24.845782073895155
 0.652737975357554, 0.7542195865018287
 7.160604609015354, 8.496243970839858
 4.377424296765102e-05, -0.0
 0.047520139249778666, 0.0
 1.0630094225414528, 0.995931534509798
 0.0011423629030429757, 0.0
 3.862581164201253e-27, 0.0
 0.9107675547151074, 0.13248134378750784
 0.30311978400945516, 0.3089519175856589
 17.398008281611112, 18.937193824355962
 8.696282802434952e-08, -0.0
 9.392631868816975e-05, -0.0
 0.5440675593166387, 0.7085290270916119
 7.178603224030903e-17, 0.0
 6.7129191960067994e-06, -0.0
 49.744551745842415, 43.63984233960265
 0.06914909499651978, 0.0
 14.930120786117406, 13.862266668054751
 0.7695624111553983, 0.6666871931346587
 2.816974944104913, 2.5590436935602785
 1.5813289819249867, 2.207801666488498
 0.04820768451604391, 0.0
 0.003971827103942335, 0.0
 4.738812838145328e-13, -0.0
 6.08573699914249e-16, -0.0
 0.02062564325861439, 0.0
 5.172836945053461e-21, -0.0
 0.2755512717398314, 0.08328573593760762
 0.06709971077278531, 0.0
 1.2891746941512263, 0.8709865201635397
 47.2977859580896, 38.08207239369295
 4.476412594691737, 4.551800657599458
 0.43576683402395955, 0.6030555050846902
 1.254873619421051, 1.5774023480195
 17.59812552243022, 20.638881981635063
 0.1419220299889578, 0.0
 2.7109391704368977, 3.6320232887829738
 4.209478671658298, 5.418796343554978
 1.6291532899640313e-07, -0.0
 9.861446767716348e-13, 0.0
 0.36764309926028765, 0.0
 0.00037035350529846585, -0.0
 18.881549636050554, 23.26335926668049
 0.036956106545178356, 0.0
 1.3896568627534617e-07, 0.0
 0.9620240396410846, 0.9043949612672396
 4.115436867270137, 2.6616861995350205
 0.9350920378063781, 0.11670405154297098
 9.29582881974716, 11.850484605739616
 24.652678357848547, 28.86536610029694
 0.22080560308689257, 0.0
 3.8931548812080764e-08, -0.0
 0.0010866457393164267, -0.0
 9.808617393060823, 13.882847798136186
 46.97738813212581, 52.507917109562364
 1.7019434756034542, 2.507228523805069
 1.9828069086556386, 1.809314524040306
 0.5058643792889673, 0.47815280461311865
 2.1888972789317996e-05, 0.0
 0.1036644024507831, 0.00848616834091001
 0.15239781522010734, 0.0
 1.4099651885522875, 1.5564651017964173
 8.205879867533041e-07, -0.0
 71.82114723631466, 57.1901518482341
 0.12605470416823297, 0.0
 3.585975734876562, 4.689232968618461
 1.4937838703907695, 1.537371483448853
 5.22611651002809e-09, -0.0
 0.4779130191265285, 0.6950038955078578
 0.021483939190782432, 0.0
 1.421052274012553, 2.0709840413535407
 2.594428076149844, 0.6365196279813276
 0.04932180962339272, 0.0016406642409050522
 0.0013560007024207455, -0.0
 1.8827878123699497, 3.3335372252286994
 6.433740788244079e-14, 0.0
 0.09492050268538647, 0.0
 31.619134177765265, 37.62530865924458
 0.001422284427972452, 0.0
 8.13322129782277, 10.941490974516547
 0.9721539127201293, 1.528138081599193
 0.5342887544837888, 0.0
 0.6342301787242666, 0.75382877801711
 0.0065029069842534705, -0.0
 0.0012744751254190761, 0.0
 0.1119717805563798, 0.0
 1.98032598416975, 2.6841457815187195
 0.02199654430072835, 0.0
 2.182648262534747, 3.9118798703289714
 0.020856507378300422, -0.0
 14.538967329523043, 17.54240842498523
 0.5795114387370728, 0.7850074653536272
 0.9582725870284404, 1.2597066374647292
 0.01202057021358922, 0.0
 0.023149436870252775, 0.0
 21.998916741473945, 25.733509058338683
 5.975564450934159, 8.038248538520238
 0.0005212000526309954, -0.0
 3.523053743717805e-07, -0.0
 2.37770095096517, 2.6732572319834738
 0.001454205613262619, -0.0
 0.18890852572234143, 0.0
 0.01837440121802418, 0.0
 0.23304260154860415, 0.0
 0.2870314740020149, 0.0
 0.0009366820983984467, -0.0
 42.31984020551876, 38.51636954356057
 0.9800607429170227, 0.9310633636234572
 0.07398821744866346, 0.0
 7.89580786916078e-05, 0.0
 2.5410644018310835, 3.177514915783191
 0.5620120276195205, 0.5359438985116207
 4.856241684638391, 5.8276615592966285
 4.8498985588449486e-11, -0.0
 30.8633531070747, 33.69207550114462
 5.089063353618855e-13, -0.0
 2.98755742655026, 3.299460994015719
 0.0009931163989961777, 0.0
 0.012872125307906223, 0.0
 12.351460651205207, 15.227333341342284
 0.2935656076380824, 0.0
 2.131357374871702e-06, -0.0
 8.436986315810576e-28, -0.0
 0.00037626375399653497, -0.0
 0.7051191126193332, 0.0
 0.0012538744630995326, 0.0
 11.723330178482724, 14.955869373372234
 1.1159272270561692e-05, 0.0
 5.8448627001778054e-09, -0.0
 0.0026986732196861954, -0.0
 0.03483786625526629, 0.0
 0.0008440463182612835, -0.0
 2.686485121755593e-55, -0.0
 0.21662858110000519, 0.0
 0.16605475955361912, -0.0
 20.49456947422031, 27.79760602520215
 0.00012742613500459172, 0.0
 15.64613389601216, 19.503085479924895
 0.4715113405575006, 0.0
 2.2849886394586725, 0.34547569341336193
 0.014910000439741779, 0.0
 15.02771977766768, 14.44392906419323
 0.37287147582136126, 0.21148128872053476
 0.07873763185039437, 0.08640219963680335
 1.0123227187181219, 1.326055324936739
 4.4646582568302904e-23, 0.0
 0.020147585831593866, -0.0
 0.002622940478311415, 0.0
 0.10999486401904104, 0.0
 0.000996749767061856, -0.0
 100.64246550471547, 89.80889224872611
 18.86407608619078, 23.46783714063791
 1.2439615939125614, 1.8021053454085476
 0.0013441260752811999, -0.0
 0.05973268759532449, 0.13194233881424847
 0.037193752322889455, 0.0
 2.1663244985326563e-06, 0.0
 3.7335878081824445e-14, -0.0
 41.64386423266175, 49.19489422233166
 0.005448336054776961, 0.0
 3.5671535915903466e-37, -0.0
 0.005413912066104424, 0.0
 0.0020109393728159814, 0.0
 0.4563395514862827, 0.5630069594362334
 0.000732708985715516, -0.0
 5.217082518396634, 6.254842281254527
 4.218121117280942, 4.838347467045047
 0.05229804481625303, 0.0
 0.12154164416697177, 0.0
 0.2164627124893716, 0.0
 19.053303774652864, 21.338197238358386
 7.034982778894041, 8.224907546894917
 0.6680268504291899, 0.5193128715613428
 0.9099320834100866, 0.6010851421575815
 1.251829008617506, 0.5109546610886365
 53.164977746067166, 44.040312879828164
 1.5249787782160819e-05, -0.0
 1.3390566311073633e-07, 0.0
 0.005099607359573393, -0.0
 0.5130893224036387, 0.00984722798718865
 3.5022868060124694, 3.6613639744499835
 0.003315174297516017, 0.0
 0.051299382218874985, -0.0
 0.001085716469736574, 0.0
 0.3264423592289124, 0.1276481236270022
 8.698678802109098e-05, -0.0
 0.003244816807634707, -0.0
 2.5999006301957974e-15, -0.0
 13.41709774583457, 12.829407174562853
 0.5127467810265689, 0.08369398001168957
 3.774216827225356e-06, 0.0
 0.36022031494579826, 0.5239726419162145
 0.5593914473793035, 0.6371045126916761
 0.38736693432477826, 0.531581932514965
 0.00837337774095854, -0.0
 0.0427819435635799, 0.0
 3.994424338073372, 5.802332082241685
 0.05549675741658026, 0.0
 1.216541208972653, 0.8043221052391714
 5.229781184781187, 6.4035982839523005
 0.053565442453393404, 0.0
 0.014848942032331721, 0.0
 1.5785882581100674, 2.2025097582465887
 0.010620864873849419, 0.0
 1.527294268170382, 1.0214959074626437
 1.5014891949934065e-05, 0.0
 0.0001426829494987125, -0.0
 7.789465043995633, 9.572418154646343
 5.286497745384042, 7.249552924354296
 0.029215177956694722, 0.0077783862774155705
 0.08038807731468292, 0.0
 0.035196887579492735, 0.0
 1.5259099552721456, 2.0902106360847497
 0.0038828850318412145, -0.0
 0.027028431634322742, 0.0
 5.6757883042471065, 6.5086437883156965
 0.07823931894645178, -0.0
 0.01761329022052695, -0.0
 7.841476358545562, 10.163876181185712
 0.15894074568329225, 0.12827739953260187
 0.0036456429637943774, -0.0
 1.7871111366595578e-09, -0.0
 0.002066272712320331, -0.0
 5.9481622717431606e-09, 0.0
 0.14300194732563512, 0.0
 0.02631565392483182, 0.0
 2.0176788298933386, 3.019057927568694
 5.535393173436041, 7.747831456178627
 0.00015530507130531398, -0.0
 25.251100875580654, 26.768102466647406
 0.08416559249640958, 0.0
 2.296165238213734, 3.567072929579092
 5.272784936466365e-05, -0.0
 94.49664151322851, 99.07561672534976
 0.012146872091336077, 0.0
 0.0016780153551542497, 0.0
